1701 7
1783 8
1865 7
2216
2819 10
3431
3734 10
4064
5909 17
5939
8694 26
8767
10270 31
10534
10831 32
10878
11175 33
15762
17290 38
56157
57681 43
58816
59113 44
59209
60731 49
60859
61162 50
61175
62079 53
62146
62445 54
62477
63437 57
406196 8
406547
407150 59
407762
408069 59
408319
410172 57
410719 66
410749
413512 57
413702 75
413723 57
413774 75
413826
415325 80
415393 57
415576 80
415772
416073 57
416125 81
416172
416473 82
416486 57
416967 82
417080 57
435791 82
444503 57
444773 82
454884 57
455189 82
458285 57
458507 82
458623 57
458688 82
458809 57
459029 82
459286 57
459351 82
459570 57
459799 82
460063 57
460137 82
460853 57
461082 82
461210 57
461275 82
461549 57
462160 82
462392 57
462549 82
464657 57
464864 82
465314 57
465375 82
465784 57
466025 82
466629 57
467148 82
467544 57
467685 82
468093 57
468168 82
468766 57
469435 82
469807 57
469945 82
470362 57
470645 82
471256 57
471843 82
473539 57
474132 82
474733 57
474953 82
475374 57
475671 82
476108 57
476176 82
476752 57
476822 82
477419 57
477783 82
479292 57
479498 82
479872 57
479932 82
481241 57
481453 82
482052 57
482119 82
482400 57
482625 82
483101 57
483159 82
484122 57
484339 82
484544 57
485029 82
485882 57
485940 82
486760 57
487110 82
487710 57
487976 82
488508 57
488738 82
489425 57
489490 82
490406 57
490637 82
491472 57
491538 82
492238 57
492469 82
494174 57
494239 82
495340 57
495577 82
496280 57
496352 82
496967 57
497259 82
497866 57
498570 82
498804 57
498864 82
499494 57
499784 82
500368 57
500435 82
501094 57
501379 82
501815 57
502034 82
502664 57
503442 82
503882 57
504453 82
504555 57
506512 82
506818 57
506874 82
507167 57
507367 82
507677 57
507740 82
507802 57
510504 82
516290 57
516559 82
518298 57
518508 82
518805 57
518868 82
518927 57
519126 82
519247 57
519308 82
521189 57
521386 82
521545 57
521606 82
521810 57
522101 82
523000 57
523282 82
523761 57
524544 82
524611 57
524911 82
525001 57
525217 82
525284 57
525355 82
529799 57
530086 82
531575 57
531853 82
532114
533638 87
533728 57
534164 87
557627 57
562186 87
577499
579019 92
580152
580449 93
580545
582067 98
582195 57
582429
582728 99
582741
583649 102
583716 57
584922
585225 103
585257
586227 57
586307 106
586417 57
587364 106
587723 57
590723 106
590741 57
618119 106
620043 57
620731 106
620782 57
622603 106
622671 57
623219 106
631089 57
631161 106
638503 57
638716 106
639461 57
639540 106
646702 57
647012 106
655240 57
655454 106
656529 57
656751 106
658760 57
658904 106
663031 57
663592 106
664650 57
664736 106
666287 57
666627 106
667349 57
667601 106
668403 57
668474 106
668534 57
668784 106
669461 57
669532 106
671631 57
671890 106
672657 57
672737 106
678300 57
678559 106
678894 57
679106 106
679581 57
679652 106
680547 57
680612 106
681337 57
681966 106
682501 57
682584 106
688275 57
688757 106
689158 57
689228 106
689461 57
689707 106
690089 57
690163 106
691715 57
691783 106
698653 57
698939 106
701592 57
702189 106
702898 57
702968 106
703512 57
703630 106
704111 57
704269 106
706236 57
706311 106
709949 57
710168 106
711867 57
711926 106
713482 57
713684 106
715438 57
715704 106
716375 57
716964 106
717447 57
717509 106
718350 57
718603 106
719380 57
719457 106
725294 57
725547 106
726800 57
727103 106
727609 57
727692 106
727755 57
728374 106
728827 57
728881 106
728943 57
729203 106
729620 57
729675 106
729910 57
730156 106
731135 57
731214 106
732141 57
732331 106
733634 57
733688 106
734919 57
735165 106
735551 57
735879 106
737466 57
737544 106
739532 57
740287 106
745381 57
745583 106
746136 57
746195 106
746492 57
746694 106
746756 57
746814 106
747486 57
748332 106
748632 57
748717 106
748940 57
749097 106
749160 57
750904 106
751173 57
751601 106
752074 57
752186 106
752721 57
752912 106
753187 57
753242 106
753517 57
753715 106
753776 57
753871 106
754398 57
754588 106
755441 57
755727 106
756661 57
756921 106
757367 57
757622 106
758391 57
758692 106
759190 57
759272 106
760128 57
761965 106
762227 57
763090 106
763300 57
763500 106
763561 57
764148 106
764621 57
764751 106
764812 57
764983 106
765404 57
765723 106
766065 57
766130 106
767064 57
767285 106
768520 57
768584 106
772770 57
773924 106
774255 57
776051 106
777190 57
777505 106
777844 57
777900 106
778568 57
779468 106
779718 57
780047 106
780144 57
780981 106
784951 57
785185 106
785244 57
785481 106
786088 57
786368 106
786601 57
786808 106
786876 57
787460 106
787929 57
788107 106
788431 57
788481 106
792454 57
792903 106
793236 57
793498 106
794663 57
794720 106
794944 57
795001 106
797758 57
797951 106
798227 57
798481 106
798544 57
798660 106
798926 57
799386 106
799589 57
799649 106
799922 57
800074 106
800144 57
800422 106
800634 57
800767 106
802120 57
802240 106
802316 57
802393 106
802789 57
802987 106
803200 57
804701 106
804964 57
805530 106
807269 57
807455 106
807534 57
807585 106
808824 57
809418 106
810032 57
810231 106
810503 57
810931 106
811142 57
811816 106
811878 57
816559 106
816834 57
818538 106
818799 57
819261 106
819540 57
820510 106
820804 57
821791 106
822074 57
822384 106
822595 57
822828 106
822890 57
824141 106
824432 57
825363 106
825853 57
826023 106
826846 57
827113 106
827173 57
827372 106
827636 57
829498 106
829709 57
830136 106
830202 57
830308 106
830523 57
830894 106
830957 57
834474 106
834756 57
834968 106
835036 57
835094 106
835251 57
835459 106
835534 57
835746 106
836147 57
836239 106
836365 57
836825 106
837111 57
837175 106
837589 57
837646 106
839341 57
839744 106
841139 57
841239 106
842336 57
842590 106
843125 57
843177 106
843473 57
843726 106
844049 57
844142 106
844421 57
844912 106
844983 57
845561 106
845860 57
845910 106
846131 57
846789 106
847088 57
847187 106
847270 57
847437 106
847651 57
847910 106
848393 57
849633 106
850188 57
850407 106
850575 57
850647 106
850798 57
851005 106
851069 57
851123 106
851888 57
852148 106
853225 57
853438 106
853794 57
854084 106
854588 57
854661 106
855030 57
855217 106
855293 57
855375 106
856105 57
856304 106
857753 57
857815 106
858093 57
858289 106
858572 57
858802 106
858999 57
859120 106
859172 57
859309 106
859538 57
859610 106
859683 57
859769 106
860021 57
860211 106
860641 57
860695 106
860829 57
861070 106
862024 57
862118 106
863251 57
863439 106
863506 57
863561 106
863950 57
864160 106
864278 57
864716 106
864980 57
865220 106
865416 57
865868 106
865926 57
866111 106
867651 57
868061 106
868121 57
869158 106
869625 57
870045 106
870511 57
870853 106
871199 57
871284 106
871793 57
872096 106
872445 57
872872 106
872926 57
873320 106
873965 57
874499 106
876319 57
876497 106
877078 57
877780 106
877988 57
878667 106
878979 57
879528 106
879968 57
880130 106
880423 57
880748 106
880882 57
882201 106
882633 57
882937 106
883216 57
883811 106
884220 57
885541 106
885765 57
885864 106
886146 57
886319 106
886609 57
886657 106
887016 57
887206 106
887425 57
887660 106
888066 57
888295 106
888348 57
888403 106
888638 57
888726 106
888915 57
889281 106
889340 57
889578 106
889766 57
889876 106
889931 57
890642 106
890879 57
891671 106
892217 57
892541 106
894471 57
895011 106
897294 57
897512 106
897888 57
897974 106
898183 57
898461 106
898520 57
898760 106
898974 57
899078 106
899143 57
899996 106
900246 57
900432 106
900652 57
900731 106
900803 57
901007 106
901252 57
901332 106
902923 57
903416 106
904016 57
904102 106
904348 57
904974 106
906658 57
907202 106
907547 57
907999 106
908585 57
909285 106
909628 57
909840 106
910264 57
910321 106
910603 57
910714 106
912079 57
912289 106
913824 57
913882 106
915610 57
915790 106
916086 57
916347 106
916410 57
917080 106
917509 57
917573 106
917702 57
917760 106
918312 57
918378 106
918487 57
918700 106
919132 57
919321 106
919781 57
920053 106
920956 57
921518 106
921986 57
922050 106
922320 57
922527 106
922802 57
922865 106
923121 57
923334 106
923651 57
923906 106
924415 57
924727 106
925017 57
927347 106
928126 57
928317 106
928513 57
928574 106
928853 57
929123 106
930419 57
931257 106
931524 57
931834 106
932096 57
932185 106
932473 57
935315 106
935595 57
935890 106
936157 57
936840 106
937245 57
937385 106
937507 57
937583 106
938350 57
940051 106
940346 57
940500 106
940562 57
940999 106
941478 57
941886 106
942158 57
942209 106
943049 57
943231 106
943289 57
943341 106
943553 57
943735 106
944210 57
945615 106
945874 57
947376 106
947984 57
948632 106
949845 57
950101 106
950227 57
953667 106
953926 57
954792 106
955063 57
955574 106
955874 57
956019 106
956230 57
956432 106
956488 57
957394 106
957917 57
958569 106
958817 57
960617 106
960675 57
960940 106
961080 57
961141 106
961204 57
961963 106
962158 57
962216 106
962270 57
967964 106
968206 57
968954 106
969195 57
969469 106
969723 57
969787 106
969992 57
970408 106
970471 57
970801 106
971012 57
971481 106
971565 57
972394 106
972602 57
973028 106
973092 57
973299 106
973507 57
973565 106
973770 57
974259 106
974383 57
974966 106
975180 57
976075 106
976145 57
976786 106
976985 57
977728 106
977970 57
979166 106
979223 57
979608 106
979878 57
980216 106
980343 57
980627 106
980766 57
982428 106
982620 57
983121 106
983383 57
983451 106
983512 57
983715 106
983921 57
984521 106
984580 57
985082 106
985301 57
985394 106
985470 57
987197 106
987417 57
987680 106
987740 57
992823 106
993026 57
993685 106
993744 57
995490 106
995699 57
996280 106
996346 57
996414 106
996627 57
997594 106
997657 57
998144 106
998361 57
998609 106
998699 57
999014 106
999217 57
999743 106
1000031 57
1000298 106
1000359 57
1002667 106
1002866 57
1003076 106
1003137 57
1005333 106
1005532 57
1005817 106
1005877 57
1011432 106
1011714 57
1012928 106
1013133 57
1013373 106
1013440 57
1013698 106
1014113 57
1014372 106
1014488 57
1015171 106
1016238 57
1016488 106
1016575 57
1016814 106
1017259 57
1017444 106
1017506 57
1017559 106
1017988 57
1018179 106
1018232 57
1018292 106
1018476 57
1018674 106
1018726 57
1020018 106
1020267 57
1020359 106
1020561 57
1020762 106
1020821 57
1022214 106
1022477 57
1022549 106
1022752 57
1022983 106
1023042 57
1023132 106
1023936 57
1024170 106
1024494 57
1024719 106
1024873 57
1024959 106
1025025 57
1027389 106
1027578 57
1027873 106
1027929 57
1029615 106
1029804 57
1029941 106
1029996 57
1030250 106
1030449 57
1030752 106
1030815 57
1031389 106
1031604 57
1031871 106
1031929 57
1032013 106
1032270 57
1032548 106
1032745 57
1033155 106
1033401 57
1033759 106
1033815 57
1034580 106
1034771 57
1035982 106
1036037 57
1036213 106
1036619 57
1036832 106
1036960 57
1038245 106
1038438 57
1038838 106
1038891 57
1039856 106
1040041 57
1040459 106
1040513 57
1042787 106
1043844 57
1044088 106
1044290 57
1044479 106
1044540 57
1045342 106
1045546 57
1045623 106
1046435 57
1046726 106
1046784 57
1047293 106
1047501 57
1047917 106
1047984 57
1048299 106
1048497 57
1049000 106
1049059 57
1049413 106
1049474 57
1049678 106
1049815 57
1049872 106
1050418 57
1050613 106
1050678 57
1050931 106
1051162 57
1051219 106
1051296 57
1051561 106
1051786 57
1051988 106
1052425 57
1052525 106
1053059 57
1053286 106
1053694 57
1053762 106
1054724 57
1055064 106
1056388 57
1056727 106
1057059 57
1057304 106
1057358 57
1057465 106
1058371 57
1058634 106
1059069 57
1059450 106
1059823 57
1059881 106
1060771 57
1061212 106
1061395 57
1061575 106
1062150 57
1062368 106
1062679 57
1062754 106
1062871 57
1063087 106
1063784 57
1063865 106
1063925 57
1064462 106
1064662 57
1065205 106
1065470 57
1065544 106
1065801 57
1066086 106
1066538 57
1066619 106
1066722 57
1066940 106
1067136 57
1067357 106
1067412 57
1067806 106
1068003 57
1068239 106
1068493 57
1068773 106
1068831 57
1068899 106
1069427 57
1069663 106
1069843 57
1070063 106
1070542 57
1070617 106
1070860 57
1071081 106
1071334 57
1071393 106
1071973 57
1072177 106
1072376 57
1072644 106
1072905 57
1072970 106
1073267 57
1073481 106
1073561 57
1073623 106
1074179 57
1074434 106
1074691 57
1074746 106
1074834 57
1075083 106
1075907 57
1076178 106
1076530 57
1077015 106
1077227 57
1077283 106
1077818 57
1078237 106
1078400 57
1079023 106
1079259 57
1079321 106
1079648 57
1079870 106
1080153 57
1080462 106
1080679 57
1080743 106
1080817 57
1080982 106
1081214 57
1081293 106
1081883 57
1082113 106
1082571 57
1082634 106
1083409 57
1083622 106
1083751 57
1083937 106
1085250 57
1085791 106
1086341 57
1086410 106
1086707 57
1086773 106
1086986 57
1087422 106
1087732 57
1087976 106
1088037 57
1088114 106
1088199 57
1088258 106
1088447 57
1088508 106
1088967 57
1089153 106
1089340 57
1089529 106
1089755 57
1089810 106
1090480 57
1090957 106
1091193 57
1091456 106
1091528 57
1096921 106
1097116 57
1097725 106
1098017 57
1098352 106
1098553 57
1098772 106
1098829 57
1098924 106
1098994 57
1099061 106
1099290 57
1099564 106
1099634 57
1099842 106
1100080 57
1100425 106
1100718 57
1100820 106
1101475 57
1101579 106
1101777 57
1101919 106
1102584 57
1102646 106
1102801 57
1103010 106
1103484 57
1103544 106
1103808 57
1104015 106
1104384 57
1104447 106
1104953 57
1105222 106
1105503 57
1105785 106
1106278 57
1106477 106
1106602 57
1106656 106
1106934 57
1107141 106
1107410 57
1107684 106
1108203 57
1108327 106
1108390 57
1108544 106
1108759 57
1108976 106
1109040 57
1109170 106
1109448 57
1109955 106
1110246 57
1110526 106
1110801 57
1110859 106
1111081 57
1111432 106
1111508 57
1111569 106
1112058 57
1112261 106
1112320 57
1112585 106
1112797 57
1113310 106
1113376 57
1113736 106
1114226 57
1114620 106
1114681 57
1115202 106
1115420 57
1115532 106
1115595 57
1116058 106
1116267 57
1116518 106
1116579 57
1117531 106
1117749 57
1118071 106
1118141 57
1118873 106
1119091 57
1119293 106
1119354 57
1120020 106
1120377 57
1120746 106
1121021 57
1121230 106
1121293 57
1121681 106
1121906 57
1122124 106
1122196 57
1122999 106
1123060 57
1123117 106
1123486 57
1123919 106
1124042 57
1124930 106
1125479 57
1126108 106
1126188 57
1126401 106
1126636 57
1127463 106
1127530 57
1133273 106
1133537 57
1139172 106
1139936 57
1140477 106
1140543 57
1140836 106
1141078 57
1141438 106
1141767 57
1141987 106
1142064 57
1142760 106
1143089 57
1144263 106
1144605 57
1145212 106
1145446 57
1146049 106
1146339 57
1146628 106
1146706 57
1147007 106
1147237 57
1147302 106
1147571 57
1147647 106
1147708 57
1147839 106
1148057 57
1148594 106
1148658 57
1150199 106
1150485 57
1151481 106
1151984 57
1152448 106
1152514 57
1153422 106
1153938 57
1154160 106
1154237 57
1155244 106
1155464 57
1155526 106
1155590 57
1155808 106
1156021 57
1157435 106
1157496 57
1170719 106
1171294 57
1173463 106
1173771 57
1175846 106
1176145 57
1176832 106
1177207 57
1177732 106
1177813 57
1179153 106
1179216 57
1179761 106
1179917 57
1180224 106
1180292 57
1180532 106
1180768 57
1180912 106
1181129 57
1181452 106
1181599 57
1182791 106
1183021 57
1183432 106
1183749 57
1184313 106
1184401 57
1184694 106
1184910 57
1184970 106
1185053 57
1186117 106
1186333 57
1186682 106
1186746 57
1193378 106
1193661 57
1194364 106
1194816 57
1195090 106
1195163 57
1195509 106
1195583 57
1196948 106
1197400 57
1198563 106
1198692 57
1200299 106
1201034 57
1201172 106
1201226 57
1201478 106
1201778 57
1202479 106
1202549 57
1202837 106
1203026 57
1203093 106
1203366 57
1203564 106
1203984 57
1204393 106
1204456 57
1204513 106
1204567 57
1204643 106
1204712 57
1205875 106
1206070 57
1206637 106
1206698 57
1206752 106
1206965 57
1207308 106
1207380 57
1207897 106
1208129 57
1208532 106
1208837 57
1209057 106
1209130 57
1209263 106
1209500 57
1209580 106
1209813 57
1209997 106
1210384 57
1210462 106
1210753 57
1211215 106
1211267 57
1211715 106
1211929 57
1212325 106
1212540 57
1213012 106
1213339 57
1213864 106
1213917 57
1215173 106
1215383 57
1216061 106
1216126 57
1218068 106
1218257 57
1218898 106
1218952 57
1219390 106
1219579 57
1220174 106
1220226 57
1220574 106
1220763 57
1221240 106
1221293 57
1221438 106
1221633 57
1221849 106
1221909 57
1221966 106
1222509 57
1223027 106
1223270 57
1225309 106
1225521 57
1226038 106
1226121 57
1226174 106
1226392 57
1226669 106
1226870 57
1227293 106
1227383 57
1227505 106
1227606 57
1228034 106
1228268 57
1228592 106
1229031 57
1229086 106
1229180 57
1229416 106
1229694 57
1230882 106
1231107 57
1231635 106
1231829 57
1232335 106
1232384 57
1232935 106
1232996 57
1233111 106
1233337 57
1233581 106
1233762 57
1233944 106
1234012 57
1234062 106
1234318 57
1234494 106
1234579 57
1235390 106
1238605 57
1238972 106
1239436 57
1239639 106
1239735 57
1239980 106
1240070 57
1240125 106
1240320 57
1240515 106
1240574 57
1241396 106
1241584 57
1241715 106
1241957 57
1242198 106
1242517 57
1242911 106
1242963 57
1243169 106
1243548 57
1243862 106
1243930 57
1244486 106
1244667 57
1245929 106
1245980 57
1246633 106
1246703 57
1247222 106
1247380 57
1247857 106
1247942 57
1248592 106
1248821 57
1249252 106
1249321 57
1252798 106
1252985 57
1253735 106
1253793 57
1254522 106
1254720 57
1255493 106
1255550 57
1255684 106
1255882 57
1256941 106
1256999 57
1258423 106
1258845 57
1259023 106
1259235 57
1259285 106
1259495 57
1260304 106
1263257 57
1263504 106
1263581 57
1263650 106
1263885 57
1264130 106
1264603 57
1264672 106
1264893 57
1265147 106
1265908 57
1265986 106
1266058 57
1266543 106
1266845 57
1267635 106
1267710 57
1268310 106
1268557 57
1268967 106
1269051 57
1272451 106
1272773 57
1272834 106
1273750 57
1274120 106
1274197 57
1274303 106
1274531 57
1274711 106
1274988 57
1275042 106
1275104 57
1275520 106
1275731 57
1275783 106
1275845 57
1276280 106
1276500 57
1276770 106
1276841 57
1278724 106
1279011 57
1279074 106
1279294 57
1279524 106
1279962 57
1280032 106
1280920 57
1281141 106
1281512 57
1281571 106
1282801 57
1286364 106
1287239 57
1287992 106
1288286 57
1288417 106
1288822 57
1290449 106
1290752 57
1291540 106
1291776 57
1292393 106
1292628 57
1293211 106
1293503 57
1294051 106
1294819 57
1295009 106
1295697 57
1295757 106
1296295 57
1296487 106
1296560 57
1296612 106
1296883 57
1297068 106
1297343 57
1299872 106
1300145 57
1305293 106
1305566 57
1306168 106
1306955 57
1307184 106
1307256 57
1308379 106
1308598 57
1308829 106
1308892 57
1309279 106
1309983 57
1310363 106
1310442 57
1310685 106
1311205 57
1311292 106
1311590 57
1312130 106
1312353 57
1312525 106
1312674 57
1312880 106
1313163 57
1314047 106
1314334 57
1316192 106
1316776 57
1317296 106
1317611 57
1318206 106
1318441 57
1318767 106
1319513 57
1319703 106
1319985 57
1320049 106
1320111 57
1320456 106
1321454 57
1325684 106
1325954 57
1326263 106
1326471 57
1326548 106
1326612 57
1326849 106
1328214 57
1328529 106
1328673 57
1328737 106
1328810 57
1329038 106
1329237 57
1329888 106
1330129 57
1330618 106
1331548 57
1331835 106
1331910 57
1333565 106
1333813 57
1333866 106
1333948 57
1334410 106
1334720 57
1335669 106
1336103 57
1337194 106
1337766 57
1337982 106
1338050 57
1338463 106
1338759 57
1339739 106
1340776 57
1340987 106
1341137 57
1341199 106
1341266 57
1342047 106
1342509 57
1342828 106
1343174 57
1343259 106
1343543 57
1343862 106
1344300 57
1344517 106
1344583 57
1344651 106
1344776 57
1347200 106
1347610 57
1348125 106
1348534 57
1348888 106
1348944 57
1349243 106
1349311 57
1349822 106
1350013 57
1350375 106
1350638 57
1350932 106
1351388 57
1351680 106
1352030 57
1352099 106
1353181 57
1353551 106
1353806 57
1355260 106
1355466 57
1355643 106
1355963 57
1356209 106
1356406 57
1356501 106
1356552 57
1357194 106
1357429 57
1357732 106
1358426 57
1358643 106
1358877 57
1359433 106
1359484 57
1359591 106
1359809 57
1360143 106
1360457 57
1361465 106
1361714 57
1362953 106
1364543 57
1364778 106
1365488 57
1365555 106
1366517 57
1366888 106
1367139 57
1367796 106
1368001 57
1368461 106
1368699 57
1368856 106
1370845 57
1371466 106
1373157 57
1373381 106
1373802 57
1374490 106
1375048 57
1375165 106
1375474 57
1375692 106
1376668 57
1376743 106
1377387 57
1377606 106
1377994 57
1378053 106
1379238 57
1379440 106
1380427 57
1380485 106
1382195 57
1382624 106
1382849 57
1382979 106
1383629 57
1383841 106
1384810 57
1384872 106
1385544 57
1385761 106
1386124 57
1386418 106
1386645 57
1386705 106
1386987 57
1387188 106
1387475 57
1387534 106
1387601 57
1387808 106
1388020 57
1388086 106
1388146 57
1397013 106
1397428 57
1397494 106
1397618 57
1398063 106
1398499 57
1398633 106
1398764 57
1399319 106
1399529 57
1399741 106
1399802 57
1403709 106
1403946 57
1404388 106
1404458 57
1404600 106
1404925 57
1405829 106
1406075 57
1406735 106
1406805 57
1406860 106
1407907 57
1408223 106
1409495 57
1409746 106
1410071 57
1410129 106
1410662 57
1411055 106
1411433 57
1411495 106
1411568 57
1411763 106
1412002 57
1412254 106
1412320 57
1412831 106
1413131 57
1413197 106
1413735 57
1413955 106
1414028 57
1414331 106
1414547 57
1414630 106
1414970 57
1415275 106
1415382 57
1415669 106
1415920 57
1416220 106
1416311 57
1416906 106
1417470 57
1417694 106
1418331 57
1418399 106
1418856 57
1419166 106
1420422 57
1420655 106
1421222 57
1421290 106
1421821 57
1422581 106
1422729 57
1423185 106
1423406 57
1424160 106
1424225 57
1424356 106
1424601 57
1424975 106
1425396 57
1425627 106
1425677 57
1426237 106
1426411 57
1427022 106
1427073 57
1427461 106
1427635 57
1428188 106
1428238 57
1428848 106
1429014 57
1429093 106
1429273 57
1429336 106
1429638 57
1429875 106
1430122 57
1430411 106
1430862 57
1431120 106
1431446 57
1431508 106
1431655 57
1432761 106
1434020 57
1434189 106
1434468 57
1434994 106
1435377 57
1435670 106
1435920 57
1436231 106
1436497 57
1436560 106
1436836 57
1437051 106
1437584 57
1437878 106
1438481 57
1438546 106
1438940 57
1439576 106
1439670 57
1441343 106
1441602 57
1441743 106
1442096 57
1442314 106
1442551 57
1442615 106
1442698 57
1443353 106
1444014 57
1444216 106
1444534 57
1444877 106
1444974 57
1445384 106
1445623 57
1445850 106
1446111 57
1446238 106
1447548 57
1448279 106
1448351 57
1449362 106
1449578 57
1450017 106
1450101 57
1450250 106
1450470 57
1450685 106
1450766 57
1451890 106
1452115 57
1452239 106
1452302 57
1454926 106
1455170 57
1455433 106
1455635 57
1455980 106
1456591 57
1456954 106
1457118 57
1457383 106
1458564 57
1458766 106
1458843 57
1459458 106
1459725 57
1459936 106
1460257 57
1461187 106
1462115 57
1462198 106
1462601 57
1472639 106
1472991 57
1473590 106
1473770 57
1474345 106
1474397 57
1475021 106
1475201 57
1475762 106
1476254 57
1476567 106
1476622 57
1476920 106
1477131 57
1477646 106
1477718 57
1477796 106
1478273 57
1479008 106
1479142 57
1479275 106
1479470 57
1479694 106
1479749 57
1480452 106
1481380 57
1481604 106
1481661 57
1481731 106
1481947 57
1482175 106
1482249 57
1482316 106
1483118 57
1483403 106
1483613 57
1483916 106
1484213 57
1490751 106
1491581 57
1491853 106
1492126 57
1492972 106
1493179 57
1493961 106
1494018 57
1495266 106
1495602 57
1496179 106
1496233 57
1496376 106
1496566 57
1496793 106
1497026 57
1497322 106
1497377 57
1497961 106
1498044 57
1498323 106
1498513 57
1498588 106
1498642 57
1500493 106
1500735 57
1500867 106
1500959 57
1501528 106
1502147 57
1502862 106
1503478 57
1504122 106
1504490 57
1504555 106
1504630 57
1505481 106
1505700 57
1506406 106
1506465 57
1507169 106
1507371 57
1507750 106
1507963 57
1508026 106
1508371 57
1509244 106
1509309 57
1509374 106
1509593 57
1509665 106
1509900 57
1510138 106
1510422 57
1510487 106
1511164 57
1511411 106
1511688 57
1511762 106
1512584 57
1512831 106
1513383 57
1513448 106
1513970 57
1514589 106
1516292 57
1516578 106
1517368 57
1517652 106
1517972 57
1518274 106
1518424 57
1518653 106
1518905 57
1518969 106
1519518 57
1519743 106
1524842 57
1525127 106
1525435 57
1525700 106
1526428 57
1526772 106
1528982 57
1529256 106
1532761 57
1533031 106
1533929 57
1534414 106
1534596 57
1534882 106
1534934 57
1535207 106
1535698 57
1535979 106
1537952 57
1538300 106
1538351 57
1540000 106
1540125 57
1540182 106
1540527 57
1540602 106
1540652 57
1540901 106
1541176 57
1541273 106
1541356 57
1541551 106
1541780 57
1541836 106
1542153 57
1542494 106
1542687 57
1543010 106
1543099 57
1543526 106
1543788 57
1544077 106
1544628 57
1544850 106
1546179 57
1548244 106
1549413 57
1549991 106
1550047 57
1550170 106
1550248 57
1550308 106
1551872 57
1552595 106
1554249 57
1554818 106
1559524 57
1560858 106
1560912 57
1561342 106
1561661 57
1561786 106
1563391 57
1564174 106
1566014 57
1566349 106
1566629 57
1567097 106
1568340 57
1568678 106
1574951 57
1575250 106
1581723 57
1581980 106
1610496 57
1610813 106
1611549 57
1611857 106
1612105 57
1612332 106
1618307 57
1618562 106
1633429 57
1633491 106
1633626 57
1633901 106
1633957 57
1634086 106
1635647 57
1636327 106
1636415 57
1637168 106
1637368 57
1637838 106
1638380 57
1639005 106
1639400 57
1639622 106
1639881 57
1640989 106
1641244 57
1642116 106
1642424 57
1643068 106
1643594 57
1644300 106
1644367 57
1644488 106
1644796 57
1645453 106
1645937 57
1646377 106
1646736 57
1647134 106
1647593 57
1647780 106
1647833 57
1648488 106
1648873 57
1649227 106
1649553 57
1650139 106
1650950 57
1651097 106
1651156 57
1651509 106
1651866 57
1652777 106
1653162 57
1653438 106
1653745 57
1654014 106
1654069 57
1654256 106
1655240 57
1655457 106
1655523 57
1655796 106
1656286 57
1656349 106
1656624 57
1656817 106
1656876 57
1656941 106
1657002 57
1657562 106
1658315 57
1658540 106
1658948 57
1659235 106
1659637 57
1660078 106
1660293 57
1660403 106
1660668 57
1660899 106
1661354 57
1661639 106
1662208 57
1662702 106
1663049 57
1663118 106
1663385 57
1663451 106
1663961 57
1664154 106
1664537 57
1664602 106
1665129 57
1665760 106
1666337 57
1666729 106
1667645 57
1668132 106
1668239 57
1669162 106
1669895 57
1670206 106
1670552 57
1670767 106
1671141 57
1671209 106
1671776 57
1672766 106
1673324 57
1673519 106
1673601 57
1673815 106
1674450 57
1674961 106
1675841 57
1676180 106
1676451 57
1676772 106
1677125 57
1677320 106
1677581 57
1677839 106
1678547 57
1678675 106
1678786 57
1678997 106
1679390 57
1680478 106
1680832 57
1681063 106
1681353 57
1681873 106
1682436 57
1683051 106
1683643 57
1683833 106
1684207 57
1684785 106
1685185 57
1685387 106
1686101 57
1686168 106
1686537 57
1686743 106
1686802 57
1686872 106
1687976 57
1688173 106
1688266 57
1688325 106
1689486 57
1689672 106
1689811 57
1689865 106
1690261 57
1690503 106
1691130 57
1691336 106
1691567 57
1691629 106
1697933 57
1698138 106
1698662 57
1698745 106
1700630 57
1700839 106
1701028 57
1701094 106
1702168 57
1702380 106
1702435 57
1702712 106
1702901 57
1702973 106
1704173 57
1704385 106
1704578 57
1704641 106
1704833 57
1705048 106
1705157 57
1705219 106
1706059 57
1706327 106
1707204 57
1707841 106
1708484 57
1708602 106
1708794 57
1709254 106
1709430 57
1709494 106
1709967 57
1710200 106
1710681 57
1710768 106
1711132 57
1711581 106
1711741 57
1711920 106
1712129 57
1712380 106
1712770 57
1713061 106
1713510 57
1714074 106
1715019 57
1715234 106
1716077 57
1716136 106
1717907 57
1718394 106
1718493 57
1718563 106
1718722 57
1718934 106
1719423 57
1719492 106
1719740 57
1720577 106
1721053 57
1721256 106
1721471 57
1721870 106
1721928 57
1722131 106
1722783 57
1723063 106
1723228 57
1725442 106
1726652 57
1727563 106
1727620 57
1728012 106
1728276 57
1728548 106
1728614 57
1729498 106
1729695 57
1730998 106
1731193 57
1732812 106
1732887 57
1733497 106
1733553 57
1738806 106
1739013 57
1739304 106
1739662 57
1740096 106
1740374 57
1740578 106
1740777 57
1741046 106
1741128 57
1741197 106
1741391 57
1741616 106
1741836 57
1741915 106
1742153 57
1742383 106
1742437 57
1742498 106
1742552 57
1743047 106
1743288 57
1743557 106
1743694 57
1744257 106
1744310 57
1744456 106
1744704 57
1744918 106
1744972 57
1745045 106
1745244 57
1745467 106
1745528 57
1745893 106
1746080 57
1746565 106
1746657 57
1746715 106
1746906 57
1747114 106
1747174 57
1747468 106
1747687 57
1748183 106
1748273 57
1749956 106
1750479 57
1750540 106
1750631 57
1751201 106
1751737 57
1752161 106
1752251 57
1752582 106
1752838 57
1752894 106
1753265 57
1753821 106
1754039 57
1754603 106
1754751 57
1755049 106
1755111 57
1755785 106
1756014 57
1756312 106
1756391 57
1757280 106
1757510 57
1757815 106
1758059 57
1758259 106
1758472 57
1759068 106
1759183 57
1759273 106
1759492 57
1759717 106
1759786 57
1760720 106
1760943 57
1761492 106
1761558 57
1762796 106
1763052 57
1763350 106
1763445 57
1763814 106
1764036 57
1764311 106
1764598 57
1765043 106
1765281 57
1765828 106
1765914 57
1766112 106
1766203 57
1767711 106
1768198 57
1768337 106
1768730 57
1769427 106
1769495 57
1769616 106
1770052 57
1770765 106
1771073 57
1771198 106
1771293 57
1771523 106
1771591 57
1772759 106
1772993 57
1773072 106
1773158 57
1774228 106
1774578 57
1774921 106
1774998 57
1775182 106
1775660 57
1775862 106
1775939 57
1776266 106
1777411 57
1777469 106
1777569 57
1778791 106
1779050 57
1779111 106
1779213 57
1779477 106
1780277 57
1780489 106
1780669 57
1780739 106
1781248 57
1781320 106
1781589 57
1781729 106
1782369 57
1782430 106
1786030 57
1786304 106
1787804 57
1788076 106
1788132 57
1788342 106
1788565 57
1788629 106
1788926 57
1789205 106
1789262 57
1789472 106
1789679 57
1790000 106
1791132 57
1791673 106
1791731 57
1791929 106
1792139 57
1792193 106
1792537 57
1793966 106
1794185 57
1794512 106
1794570 57
1794839 106
1795073 57
1795620 106
1795688 57
1797369 106
1797825 57
1798117 106
1798346 57
1798758 106
1798823 57
1798886 106
1799179 57
1799233 106
1799539 57
1799898 106
1800113 57
1800183 106
1800245 57
1801038 106
1801245 57
1801439 106
1801502 57
1801556 106
1804246 57
1804538 106
1805805 57
1806026 106
1806170 57
1806232 106
1806920 57
1806976 106
1807171 57
1807364 106
1807877 57
1808071 106
1808128 57
1808185 106
1808450 57
1808714 106
1808979 57
1809226 106
1809614 57
1809814 106
1809946 57
1810536 106
1810937 57
1811003 106
1811128 57
1811568 106
1812149 57
1812669 106
1812949 57
1813156 106
1813412 57
1813469 106
1814897 57
1815086 106
1815362 57
1815578 106
1815636 57
1815953 106
1816628 57
1816903 106
1817003 57
1817334 106
1817559 57
1817817 106
1817890 57
1818141 106
1827081 57
1827529 106
1827998 57
1828056 106
1828537 57
1828739 106
1829123 57
1829188 106
1829543 57
1829742 106
1830435 57
1830490 106
1830999 57
1831195 106
1831771 57
1831825 106
1832836 57
1833400 106
1835605 57
1835821 106
1836196 57
1836270 106
1838670 57
1838866 106
1840612 57
1840677 106
1840993 57
1841203 106
1841791 57
1841859 106
1842627 57
1842837 106
1843748 57
1844010 106
1844740 57
1844803 106
1846535 57
1846729 106
1846935 57
1846989 106
1861973 57
1862502 106
1862817 57
1863022 106
1863081 57
1863347 106
1863784 57
1864249 106
1864792 57
1864900 106
1865931 57
1866133 106
1868609 57
1868677 106
1870646 57
1870857 106
1872260 57
1872326 106
1876078 57
1876278 106
1877643 57
1877700 106
1878196 57
1878255 106
1878904 57
1879055 106
1879401 57
1879469 106
1884019 57
1884238 106
1884816 57
1884882 106
1888132 57
1888327 106
1888871 57
1888928 106
1889854 57
1890640 106
1895478 57
1895679 106
1895901 57
1896168 106
1896690 57
1896745 106
1900491 57
1900738 106
1901909 57
1902118 106
1902341 57
1902413 106
1902583 57
1902784 106
1903470 57
1903721 106
1904037 57
1904360 106
1904439 57
1904713 106
1906864 57
1907063 106
1907635 57
1907690 106
1909250 57
1909444 106
1909715 57
1909779 106
1909956 57
1910221 106
1911963 57
1912155 106
1912270 57
1912323 106
1916122 57
1916359 106
1923567 57
1923822 106
1929958 57
1930345 106
1931648 57
1931702 106
1932467 57
1932528 106
1934771 57
1935170 106
1937052 57
1937179 106
1944351 57
1944601 106
1946497 57
1946684 106
1947239 57
1947296 106
1948272 57
1948480 106
1949057 57
1949131 106
1949510 57
1949704 106
1949938 57
1950209 106
1950658 57
1950719 106
1950825 57
1951022 106
1951583 57
1951641 106
1951964 57
1952359 106
1952760 57
1952883 106
1953308 57
1953752 106
1954235 57
1954299 106
1954361 57
1955371 106
1955621 57
1956607 106
1956876 57
1957745 106
1958018 57
1958532 106
1961960 57
1962231 106
1962730 57
1962994 106
1963268 57
1963894 106
1963951 57
1964166 106
1964532 57
1964767 106
1965033 57
1965392 106
1965505 57
1965685 106
1965969 57
1966041 106
1966777 57
1967076 106
1968167 57
1968471 106
1970312 57
1970536 106
1970871 57
1970936 106
1972219 57
1972750 106
1972927 57
1973005 106
1973183 57
1973311 106
1973571 57
1973646 106
1975814 57
1976026 106
1976383 57
1976465 106
1980205 57
1980742 106
1982249 57
1982474 106
1982582 57
1982653 106
1983285 57
1983689 106
1983972 57
1984030 106
1984266 57
1984323 106
1986743 57
1987222 106
1987275 57
1988356 106
1988591 57
1988916 106
1991203 57
1991481 106
1991748 57
1991940 106
1991995 57
1992050 106
1992282 57
1992562 106
1992896 57
1993116 106
1993308 57
1993381 106
1993434 57
1993491 106
1993675 57
1994136 106
1994374 57
1994850 106
1994903 57
1995256 106
1995764 57
1995985 106
1996045 57
1996678 106
1997460 57
1997708 106
1999228 57
1999746 106
2000045 57
2000318 106
2000673 57
2000869 106
2000946 57
2001262 106
2001493 57
2001696 106
2002005 57
2002267 106
2002581 57
2002646 106
2002730 57
2003231 106
2003460 57
2003538 106
2004440 57
2004730 106
2006042 57
2006273 106
2007360 57
2007556 106
2007812 57
2007868 106
2008450 57
2008652 106
2009160 57
2009215 106
2010397 57
2010684 106
2011028 57
2011247 106
2011437 57
2011499 106
2012123 57
2012373 106
2014324 57
2014705 106
2015034 57
2015150 106
2015616 57
2015875 106
2015990 57
2017070 106
2017356 57
2017760 106
2017956 57
2018070 106
2022236 57
2022467 106
2024237 57
2025032 106
2026023 57
2026298 106
2026440 57
2026635 106
2027148 57
2027422 106
2027707 57
2027773 106
2028362 57
2028583 106
2028884 57
2029088 106
2029146 57
2030539 106
2030834 57
2030913 106
2031206 57
2031391 106
2031626 57
2031680 106
2031756 57
2032540 106
2033389 57
2033455 106
2034953 57
2035160 106
2035987 57
2036060 106
2037709 57
2037922 106
2038270 57
2038330 106
2039911 57
2040099 106
2040871 57
2040922 106
2041195 57
2041401 106
2041462 57
2041522 106
2042602 57
2043068 106
2043831 57
2043900 106
2045080 57
2045484 106
2046027 57
2046358 106
2046767 57
2047041 106
2047893 57
2047955 106
2049061 57
2049125 106
2049382 57
2049526 106
2049584 57
2049653 106
2055004 57
2055269 106
2075560 57
2076098 106
2076377 57
2076730 106
2077595 57
2077670 106
2079238 57
2079442 106
2079640 57
2079857 106
2079913 57
2080175 106
2080448 57
2080570 106
2082174 57
2082385 106
2082443 57
2083017 106
2083570 57
2086217 106
2086528 57
2086800 106
2087072 57
2087902 106
2088127 57
2088332 106
2088721 57
2088778 106
2092437 57
2092913 106
2093145 57
2093209 106
2093274 57
2093548 106
2094043 57
2094256 106
2094330 57
2094688 106
2095126 57
2095346 106
2095979 57
2096913 106
2096982 57
2097577 106
2098473 57
2099219 106
2099673 57
2099733 106
2100051 57
2100405 106
2100947 57
2101817 106
2102041 57
2102335 106
2102872 57
2103007 106
2103148 57
2103715 106
2104242 57
2104852 106
2105144 57
2105362 106
2105427 57
2105666 106
2106986 57
2107239 106
2107820 57
2108009 106
2108326 57
2108592 106
2108953 57
2109209 106
2109532 57
2109847 106
2109910 57
2110109 106
2110308 57
2110363 106
2111642 57
2112114 106
2112322 57
2112736 106
2112806 57
2113884 106
2114095 57
2114788 106
2114963 57
2115163 106
2115312 57
2116070 106
2116133 57
2116254 106
2116319 57
2116535 106
2116693 57
2117011 106
2117083 57
2117565 106
2117788 57
2118259 106
2118322 57
2119371 106
2119887 57
2119945 106
2120007 57
2124839 106
2133519 57
2134255 106
2136520 57
2136772 106
2137136 57
2137545 106
2137611 57
2137934 106
2137991 57
2138442 106
2138510 57
2140141 106
2140926 57
2141456 106
2141683 57
2142983 106
2143534 57
2143613 106
2143676 57
2144475 106
2145159 57
2145954 106
2146177 57
2146619 106
2146682 57
2147056 106
2147275 57
2153621 106
2153686 57
2153968 106
2154238 57
2159821 106
2160460 57
2160777 106
2161478 57
2161730 106
2162220 57
2165089 106
2165368 57
2166713 106
2166978 57
2167252 106
2167596 57
2168062 106
2168330 57
2174160 106
2174435 57
2175287 106
2176393 57
2176455 106
2176972 57
2177231 106
2177325 57
2177579 106
2178178 57
2182312 106
2182552 57
2183068 106
2184944 57
2185420 106
2185668 57
2185724 106
2186237 57
2188351 106
2188601 57
2189398 106
2189871 57
2215054 106
2215311 57
2221441 106
2222522 57
2235256 106
2235511 57
2238055 106
2238521 57
2239359 106
2253948 57
2254407 106
2254711 57
2254764 106
2262996 57
2263543 106
2264056 57
2265573 106
2266332 57
2266522 106
2266588 57
2266643 106
2267956 57
2268227 106
2269496 57
2269695 106
2269757 57
2269818 106
2270271 57
2270473 106
2270532 57
2270592 106
2272224 57
2272432 106
2272727 57
2272794 106
2272963 57
2273442 106
2275144 57
2275223 106
2275741 57
2275946 106
2276079 57
2276136 106
2277474 57
2277763 106
2277833 57
2278725 106
2278983 57
2279275 106
2279546 57
2280931 106
2281140 57
2281434 106
2281498 57
2281558 106
2281833 57
2282465 106
2282690 57
2282936 106
2283071 57
2283399 106
2283549 57
2283854 106
2284343 57
2284410 106
2284535 57
2284769 106
2285615 57
2285682 106
2285918 57
2286437 106
2286664 57
2287161 106
2287713 57
2287835 106
2288183 57
2288788 106
2289489 57
2289741 106
2289797 57
2290106 106
2290170 57
2290241 106
2291134 57
2291432 106
2292515 57
2293376 106
2293979 57
2294191 106
2294455 57
2294520 106
2294581 57
2294796 106
2294989 57
2295561 106
2295620 57
2296194 106
2296424 57
2296849 106
2296910 57
2297368 106
2298030 57
2298309 106
2298527 57
2298780 106
2298839 57
2299160 106
2299548 57
2300650 106
2301001 57
2301132 106
2301203 57
2301458 106
2303329 57
2303573 106
2304341 57
2304840 106
2305871 57
2306375 106
2314113 57
2315495 106
2315976 57
2316040 106
2316650 57
2317486 106
2317683 57
2317939 106
2317999 57
2318261 106
2318470 57
2318523 106
2318593 57
2318830 106
2319093 57
2320242 106
2320518 57
2321055 106
2321321 57
2321517 106
2321720 57
2321780 106
2322335 57
2322608 106
2322669 57
2322884 106
2323096 57
2323161 106
2323223 57
2324234 106
2324441 57
2324695 106
2324827 57
2325019 106
2325162 57
2325215 106
2325279 57
2326056 106
2326612 57
2326822 106
2327022 57
2327090 106
2327144 57
2327405 106
2327679 57
2327886 106
2328153 57
2328211 106
2329208 57
2329913 106
2330399 57
2330645 106
2330918 57
2331170 106
2331637 57
2331700 106
2331817 57
2332296 106
2332511 57
2332769 106
2332841 57
2332898 106
2334106 57
2334299 106
2334627 57
2334680 106
2334956 57
2335155 106
2335221 57
2335746 106
2336234 57
2336298 106
2336631 57
2336839 106
2337198 57
2337264 106
2337334 57
2337553 106
2337749 57
2337809 106
2338406 57
2338655 106
2338903 57
2339203 106
2339424 57
2339931 106
2340002 57
2340324 106
2340607 57
2341475 106
2341918 57
2342221 106
2342542 57
2343395 106
2343595 57
2343823 106
2344142 57
2344208 106
2344397 57
2344658 106
2344849 57
2344983 106
2345293 57
2345639 106
2345693 57
2345829 106
2346032 57
2346274 106
2346342 57
2346628 106
2347157 57
2348172 106
2348568 57
2348630 106
2348742 57
2348807 106
2349023 57
2349459 106
2349525 57
2349649 106
2350190 57
2350494 106
2350893 57
2351135 106
2351255 57
2351579 106
2351830 57
2355129 106
2355577 57
2355773 106
2355831 57
2356750 106
2356952 57
2357148 106
2357213 57
2357267 106
2358085 57
2360077 106
2360617 57
2361763 106
2362837 57
2363411 106
2363659 57
2364190 106
2364392 57
2364588 106
2364858 57
2364910 106
2365237 57
2365736 106
2365947 57
2366269 106
2366335 57
2366568 106
2366825 57
2367372 106
2368436 57
2368624 106
2368827 57
2369078 106
2369352 57
2369404 106
2369470 57
2369987 106
2370319 57
2370578 106
2371231 57
2371441 106
2371630 57
2371697 106
2372017 57
2372227 106
2372299 57
2372545 106
2372814 57
2372877 106
2373345 57
2373603 106
2373897 57
2374366 106
2374907 57
2375591 106
2375985 57
2376044 106
2376616 57
2376804 106
2377007 57
2377057 106
2377932 57
2378476 106
2378731 57
2379217 106
2381808 57
2383732 106
2384120 57
2384178 106
2384236 57
2384362 106
2384429 57
2384708 106
2385225 57
2385464 106
2385705 57
2386499 106
2386946 57
2387705 106
2387760 57
2388108 106
2388574 57
2388991 106
2389057 57
2389392 106
2389599 57
2389663 106
2390765 57
2392605 106
2392876 57
2393073 106
2393556 57
2393617 106
2394288 57
2394493 106
2394701 57
2394764 106
2394836 57
2395347 106
2395845 57
2395911 106
2395975 57
2396172 106
2396371 57
2396436 106
2396993 57
2397261 106
2397319 57
2397610 106
2398422 57
2398877 106
2399089 57
2399152 106
2399234 57
2400175 106
2400456 57
2401497 106
2401806 57
2402101 106
2402518 57
2402595 106
2402973 57
2405912 106
2406430 57
2406630 106
2406833 57
2406898 106
2406953 57
2407742 106
2408572 57
2409531 106
2409810 57
2410166 106
2410666 57
2410933 106
2412227 57
2412908 106
2413168 57
2413642 106
2413851 57
2414007 106
2414074 57
2414268 106
2414543 57
2414774 106
2414988 57
2415109 106
2417118 57
2417617 106
2418135 57
2418219 106
2418298 57
2418848 106
2419366 57
2419612 106
2420117 57
2420389 106
2420450 57
2420658 106
2420796 57
2420869 106
2420927 57
2421474 106
2421677 57
2421765 106
2422035 57
2422311 106
2422376 57
2422463 106
2422722 57
2424400 106
2425352 57
2425860 106
2426134 57
2426195 106
2427819 57
2428073 106
2428253 57
2428453 106
2428765 57
2432002 106
2432055 57
2432258 106
2432387 57
2432441 106
2432681 57
2432887 106
2432941 57
2433475 106
2433666 57
2433731 106
2433792 57
2434004 106
2434210 57
2434273 106
2434337 57
2436152 106
2436391 57
2437690 106
2438244 57
2439150 106
2439721 57
2440539 106
2440806 57
2441591 106
2441786 57
2442048 106
2442107 57
2442616 106
2443082 57
2443152 106
2443216 57
2443477 106
2443719 57
2444134 106
2444193 57
2444314 106
2444771 57
2444980 106
2445311 57
2445378 106
2446634 57
2447674 106
2447884 57
2448080 106
2448138 57
2449003 106
2449265 57
2449472 106
2449674 57
2449739 106
2449801 57
2450087 106
2450364 57
2452038 106
2452314 57
2452512 106
2452723 57
2452785 106
2453143 57
2453641 106
2453895 57
2454373 106
2454842 57
2454915 106
2458121 57
2458395 106
2459077 57
2459258 106
2459327 57
2459379 106
2460270 57
2461090 106
2461616 57
2462099 106
2462376 57
2462956 106
2465053 57
2465369 106
2466773 57
2467107 106
2467997 57
2468561 106
2470006 57
2470412 106
2470613 57
2470736 106
2471014 57
2471217 106
2471276 57
2472037 106
2472215 57
2472549 106
2472784 57
2472838 106
2472894 57
2473159 106
2473620 57
2473826 106
2474087 57
2474360 106
2474665 57
2474919 106
2475108 57
2475163 106
2475731 57
2476055 106
2476245 57
2476484 106
2476723 57
2476810 106
2477368 57
2477707 106
2480222 57
2480548 106
2480728 57
2481603 106
2482340 57
2483046 106
2483244 57
2483512 106
2483567 57
2483635 106
2483837 57
2484452 106
2484518 57
2484704 106
2485546 57
2486581 106
2486823 57
2487096 106
2487887 57
2488158 106
2488615 57
2488863 106
2489332 57
2489512 106
2490123 57
2490174 106
2490950 57
2491410 106
2491766 57
2491824 106
2492120 57
2492326 106
2492800 57
2492863 106
2492929 57
2493337 106
2493401 57
2494057 106
2494239 57
2494478 106
2495024 57
2498156 106
2498880 57
2499120 106
2499392 57
2499482 106
2499548 57
2499755 106
2499962 57
2500020 106
2500642 57
2500931 106
2501149 57
2501692 106
2501755 57
2502617 106
2504487 57
2504893 106
2504953 57
2505261 106
2505467 57
2505524 106
2505580 57
2506113 106
2506375 57
2506879 106
2507159 57
2507408 106
2507961 57
2508450 106
2509229 57
2509744 106
2510553 57
2510810 106
2511146 57
2511347 106
2511769 57
2512025 106
2512481 57
2512534 106
2512587 57
2512779 106
2513045 57
2513632 106
2515037 57
2515233 106
2515831 57
2515897 106
2516630 57
2518766 106
2518987 57
2520296 106
2520822 57
2521086 106
2521154 57
2521223 106
2521794 57
2522037 106
2522568 57
2522756 106
2523277 57
2523333 106
2525228 57
2525817 106
2526295 57
2526479 106
2526548 57
2526787 106
2526985 57
2527375 106
2527431 57
2528057 106
2530221 57
2530974 106
2531439 57
2531635 106
2531706 57
2532812 106
2533101 57
2534860 106
2535069 57
2535135 106
2535195 57
2535971 106
2536485 57
2537433 106
2537627 57
2538526 106
2538582 57
2539686 106
2540188 57
2540386 106
2540590 57
2541123 106
2541376 57
2541434 106
2541490 57
2541754 106
2541967 57
2542391 106
2542461 57
2543447 106
2543659 57
2544344 106
2544407 57
2545066 106
2545921 57
2546125 106
2546373 57
2546431 106
2546526 57
2547067 106
2547572 57
2547646 106
2547929 57
2548420 106
2548795 57
2548851 106
2551221 57
2551489 106
2552091 57
2552344 106
2553366 57
2553856 106
2554373 57
2554796 106
2555058 57
2555119 106
2555383 57
2555625 106
2555902 57
2556102 106
2556358 57
2556416 106
2558236 57
2558492 106
2558807 57
2559081 106
2559563 57
2559770 106
2559836 57
2559894 106
2560142 57
2560571 106
2560764 57
2560819 106
2561134 57
2561390 106
2562150 57
2562393 106
2562643 57
2563718 106
2564124 57
2564599 106
2564716 57
2565481 106
2565966 57
2566024 106
2566095 57
2567182 106
2567665 57
2567879 106
2567949 57
2568813 106
2569090 57
2572762 106
2573038 57
2575653 106
2576223 57
2576423 106
2576629 57
2576690 106
2576747 57
2577010 106
2577288 57
2577791 106
2578073 57
2578867 106
2579123 57
2579707 106
2581244 57
2582107 106
2582833 57
2583096 106
2584395 57
2585199 106
2585258 57
2585317 106
2585703 57
2585913 106
2586027 57
2586086 106
2587018 57
2587544 106
2587669 57
2587736 106
2588272 57
2589161 106
2591960 57
2592260 106
2593035 57
2593566 106
2595111 57
2595385 106
2596434 57
2596694 106
2596760 57
2596972 106
2597151 57
2597211 106
2597692 57
2597913 106
2597969 57
2598038 106
2598576 57
2599061 106
2599277 57
2599544 106
2599811 57
2599863 106
2600405 57
2600644 106
2600702 57
2601945 106
2602466 57
2603614 106
2603867 57
2604683 106
2605413 57
2605638 106
2605711 57
2605781 106
2606311 57
2606489 106
2606787 57
2606838 106
2608297 57
2608579 106
2609648 57
2609971 106
2611272 57
2611885 106
2612418 57
2612972 106
2613494 57
2613842 106
2614050 57
2614228 106
2614784 57
2614980 106
2615039 57
2615093 106
2616169 57
2616401 106
2616943 57
2617190 106
2617468 57
2621168 106
2622210 57
2622468 106
2623008 57
2624034 106
2624253 57
2624445 106
2624517 57
2624830 106
2625913 57
2626151 106
2626435 57
2626640 106
2626843 57
2626910 106
2627978 57
2628234 106
2628289 57
2629319 106
2629503 57
2629571 106
2629830 57
2630030 106
2630093 57
2630148 106
2630357 57
2630422 106
2630490 57
2630672 106
2631710 57
2632297 106
2632556 57
2632751 106
2632961 57
2633018 106
2633589 57
2634065 106
2636124 57
2636439 106
2637002 57
2637154 106
2637415 57
2637687 106
2638028 57
2638087 106
2638357 57
2638788 106
2639001 57
2639058 106
2639120 57
2639188 106
2639624 57
2639846 106
2639899 57
2639958 106
2640473 57
2644090 106
2644490 57
2646956 106
2647018 57
2651052 106
2651113 57
2651259 106
2651543 57
2651613 106
2652423 57
2652685 106
2653733 57
2654013 106
2654978 57
2655198 106
2655251 57
2656751 106
2657754 57
2657981 106
2658176 57
2658312 106
2658365 57
2658811 106
2663138 57
2663413 106
2663522 57
2664065 106
2664253 57
2664451 106
2664508 57
2664830 106
2665075 57
2665329 106
2665837 57
2666821 106
2667328 57
2667606 106
2667908 57
2667983 106
2668468 57
2668915 106
2668972 57
2669861 106
2670674 57
2670949 106
2671196 57
2671393 106
2671877 57
2671930 106
2673040 57
2673227 106
2673515 57
2673572 106
2673932 57
2674122 106
2674350 57
2674406 106
2674470 57
2674665 106
2674858 57
2674921 106
2674980 57
2675182 106
2675378 57
2675444 106
2675502 57
2675701 106
2676011 57
2676064 106
2678453 57
2678518 106
2678580 57
2678708 106
2678772 57
2678825 106
2679621 57
2680212 106
2681823 57
2682017 106
2682286 57
2682350 106
2682708 57
2682976 106
2683221 57
2683443 106
2683519 57
2684058 106
2684297 57
2684370 106
2685001 57
2685246 106
2685445 57
2685706 106
2688460 57
2688710 106
2691065 57
2691341 106
2691760 57
2692171 106
2692230 57
2692646 106
2692906 57
2693169 106
2693435 57
2693643 106
2693707 57
2693771 106
2694699 57
2694765 106
2694886 57
2695088 106
2695337 57
2695585 106
2698673 57
2699171 106
2701289 57
2701552 106
2702041 57
2703469 106
2704590 57
2705030 106
2705095 57
2705166 106
2705407 57
2705697 106
2706009 57
2706083 106
2706609 57
2706804 106
2707238 57
2707760 106
2708287 57
2708342 106
2709550 57
2709734 106
2709940 57
2709991 106
2710290 57
2710498 106
2710823 57
2710889 106
2711405 57
2711902 106
2712384 57
2712828 106
2713030 57
2713081 106
2713778 57
2713851 106
2714052 57
2714219 106
2714281 57
2714356 106
2715951 57
2716142 106
2716424 57
2716486 106
2716557 57
2716757 106
2717348 57
2717408 106
2718516 57
2718705 106
2718926 57
2718977 106
2720210 57
2720461 106
2722560 57
2722818 106
2726964 57
2728242 106
2728471 57
2729226 106
2729473 57
2729537 106
2729718 57
2729775 106
2730020 57
2730478 106
2732991 57
2733967 106
2734152 57
2734530 106
2734586 57
2734657 106
2738428 57
2738834 106
2739395 57
2739449 106
2739543 57
2739754 106
2740326 57
2740459 106
2742526 57
2742735 106
2742791 57
2743134 106
2744544 57
2744940 106
2745211 57
2745264 106
2745325 57
2745388 106
2746444 57
2746640 106
2747204 57
2747269 106
2748664 57
2748865 106
2749439 57
2749495 106
2749744 57
2750008 106
2751809 57
2752310 106
2753351 57
2753564 106
2754129 57
2754403 106
2754658 57
2754717 106
2755394 57
2755797 106
2755939 57
2756052 106
2756386 57
2756573 106
2756779 57
2756979 106
2757353 57
2757468 106
2758304 57
2758523 106
2758786 57
2759049 106
2759315 57
2759611 106
2759915 57
2760380 106
2760568 57
2760778 106
2760993 57
2761117 106
2761666 57
2762138 106
2762389 57
2762984 106
2764186 57
2764481 106
2765047 57
2765250 106
2768753 57
2769308 106
2769998 57
2770070 106
2771467 57
2771680 106
2771767 57
2771826 106
2777477 57
2777683 106
2777748 57
2777968 106
2778172 57
2778287 106
2778346 57
2779788 106
2780290 57
2780528 106
2780807 57
2781063 106
2781274 57
2781477 106
2781536 57
2782118 106
2782398 57
2782593 106
2782832 57
2783121 106
2783817 57
2783891 106
2785755 57
2785948 106
2786453 57
2786509 106
2786869 57
2787260 106
2788074 57
2788196 106
2789800 57
2790002 106
2790205 57
2790261 106
2791897 57
2792165 106
2792441 57
2792727 106
2793506 57
2793763 106
2794185 57
2794401 106
2794758 57
2794819 106
2795371 57
2795625 106
2795907 57
2796045 106
2796116 57
2796231 106
2796498 57
2797673 106
2797898 57
2797957 106
2798020 57
2798073 106
2798849 57
2799052 106
2799108 57
2800946 106
2801185 57
2802245 106
2802695 57
2802761 106
2802834 57
2802902 106
2803109 57
2803239 106
2803745 57
2803950 106
2804288 57
2804535 106
2804595 57
2804709 106
2804966 57
2807221 106
2807477 57
2807710 106
2807965 57
2808884 106
2809149 57
2809352 106
2809595 57
2810131 106
2810211 57
2810272 106
2810699 57
2811429 106
2811567 57
2812593 106
2813223 57
2813280 106
2813449 57
2813952 106
2814009 57
2814295 106
2814455 57
2814527 106
2815117 57
2815751 106
2816023 57
2816768 106
2816973 57
2817276 106
2817535 57
2817951 106
2818013 57
2818599 106
2819066 57
2819127 106
2819195 57
2819419 106
2819611 57
2819894 106
2819947 57
2820017 106
2820285 57
2820507 106
2820914 57
2821358 106
2821478 57
2821611 106
2822042 57
2822103 106
2822535 57
2822607 106
2822822 57
2822955 106
2823013 57
2823070 106
2825927 57
2826133 106
2826203 57
2826268 106
2826475 57
2826939 106
2827011 57
2827288 106
2827493 57
2827755 106
2827814 57
2828329 106
2828521 57
2828988 106
2829044 57
2829167 106
2829674 57
2830175 106
2830246 57
2830592 106
2831058 57
2831440 106
2831646 57
2832043 106
2832164 57
2832561 106
2832762 57
2833080 106
2833136 57
2833201 106
2833420 57
2834162 106
2834234 57
2835405 106
2837197 57
2837387 106
2837457 57
2837508 106
2838562 57
2839021 106
2839292 57
2839619 106
2840435 57
2840895 106
2841097 57
2841154 106
2841758 57
2841957 106
2842436 57
2842700 106
2842891 57
2842957 106
2843012 57
2843387 106
2843907 57
2844109 106
2844501 57
2844557 106
2845193 57
2845976 106
2846238 57
2846813 106
2847011 57
2847189 106
2847244 57
2848968 106
2849161 57
2849266 106
2849325 57
2849421 106
2850064 57
2850333 106
2850445 57
2850788 106
2851725 57
2852288 106
2853708 57
2854089 106
2854764 57
2854823 106
2855352 57
2855538 106
2855717 57
2855916 106
2856121 57
2856182 106
2856911 57
2857154 106
2857260 57
2860715 106
2862016 57
2862591 106
2864482 57
2877339 106
2877798 57
2878052 106
2878106 57
2879875 106
2880399 57
2881302 106
2881578 57
2882702 106
2882937 57
2883531 106
2883764 57
2883832 106
2884095 57
2884561 106
2884756 57
2884886 106
2884979 57
2885483 106
2885673 57
2885734 106
2886896 57
2887202 106
2887456 57
2887764 106
2888043 57
2888364 106
2889637 57
2889945 106
2890130 57
2890321 106
2890377 57
2890432 106
2890620 57
2890830 106
2890885 57
2890956 106
2891150 57
2891352 106
2891414 57
2891762 106
2892169 57
2892358 106
2892679 57
2893205 106
2893550 57
2894248 106
2894936 57
2895173 106
2895306 57
2895856 106
2896069 57
2896375 106
2896434 57
2897680 106
2897922 57
2898482 106
2898680 57
2898968 106
2899030 57
2899393 106
2900176 57
2901008 106
2901277 57
2901691 106
2901896 57
2901963 106
2902017 57
2902864 106
2904184 57
2904386 106
2904701 57
2905823 106
2906112 57
2906408 106
2906626 57
2906693 106
2906755 57
2909285 106
2909820 57
2910095 106
2910590 57
2910660 106
2910725 57
2911417 106
2911699 57
2912596 106
2912801 57
2912872 106
2913196 57
2913650 106
2913901 57
2914307 106
2914560 57
2915302 106
2915502 57
2915571 106
2915629 57
2915687 106
2916212 57
2916725 106
2916931 57
2916998 106
2917056 57
2917265 106
2917472 57
2917530 106
2918064 57
2918593 106
2918862 57
2918938 106
2919275 57
2919477 106
2919745 57
2919808 106
2920053 57
2920320 106
2921115 57
2921343 106
2921601 57
2921940 106
2922749 57
2923843 106
2924634 57
2924693 106
2925838 57
2926385 106
2926815 57
2926927 106
2927054 57
2927584 106
2927810 57
2927951 106
2928162 57
2928223 106
2928296 57
2928351 106
2928595 57
2928806 106
2929041 57
2929686 106
2930163 57
2930214 106
2930573 57
2930803 106
2931096 57
2931610 106
2931844 57
2932673 106
2932909 57
2933179 106
2933428 57
2933721 106
2934984 57
2938215 106
2938449 57
2939477 106
2939709 57
2940478 106
2940728 57
2940784 106
2940973 57
2941214 106
2941266 57
2941896 106
2942164 57
2942635 106
2942894 57
2943972 106
2944466 57
2945536 106
2946023 57
2947052 106
2947310 57
2947876 106
2948339 57
2948959 106
2949017 57
2949204 106
2949446 57
2949992 106
2950527 57
2951517 106
2951711 57
2951783 106
2951841 57
2953643 106
2954331 57
2954742 106
2954809 57
2955219 106
2955422 57
2955746 106
2956358 57
2956617 106
2957325 57
2957642 106
2958157 57
2958224 106
2958282 57
2958534 106
2958601 57
2958959 106
2959251 57
2959909 106
2960100 57
2960540 106
2960799 57
2960880 106
2960932 57
2961440 106
2962045 57
2962118 106
2962498 57
2962707 106
2962971 57
2963034 106
2963094 57
2963373 106
2963569 57
2963771 106
2963828 57
2965318 106
2965883 57
2966393 106
2966610 57
2968122 106
2968382 57
2969446 106
2969720 57
2970434 106
2970623 57
2970740 106
2971840 57
2972065 106
2972130 57
2972218 106
2972972 57
2973639 106
2975433 57
2975717 106
2976234 57
2976478 106
2976671 57
2976773 106
2976887 57
2977508 106
2977567 57
2977787 106
2977931 57
2978014 106
2978343 57
2979208 106
2979457 57
2980072 106
2980533 57
2980775 106
2980839 57
2981192 106
2981444 57
2981555 106
2982288 57
2982514 106
2982775 57
2983105 106
2983172 57
2983274 106
2984019 57
2984549 106
2984601 57
2984878 106
2985296 57
2985361 106
2987030 57
2987268 106
2987643 57
2987716 106
2989547 57
2989780 106
2989980 57
2990040 106
2990095 57
2991218 106
2991937 57
2992162 106
2992491 57
2992549 106
2992786 57
2993032 106
2993118 57
2993224 106
2993498 57
2993852 106
2994385 57
2994593 106
2994645 57
2995047 106
2995832 57
2996039 106
2996108 57
2996162 106
2996670 57
2996922 106
2997201 57
2997303 106
2997368 57
3000548 106
3000823 57
3001107 106
3001684 57
3003071 106
3003872 57
3005333 106
3005568 57
3005777 106
3006288 57
3006346 106
3006477 57
3007508 106
3007806 57
3007870 106
3008165 57
3008362 106
3008647 57
3008913 106
3009149 57
3009205 106
3009485 57
3009700 106
3009882 57
3009936 106
3010961 57
3011165 106
3011470 57
3011531 106
3011769 57
3012504 106
3012987 57
3013116 106
3013537 57
3014072 106
3014308 57
3014893 106
3014964 57
3015839 106
3016383 57
3016938 106
3017009 57
3017664 106
3017966 57
3018455 106
3018664 57
3018875 106
3018933 57
3019231 106
3019418 57
3019626 106
3019683 57
3020406 106
3020596 57
3021005 106
3021061 57
3021394 106
3021590 57
3021646 106
3021709 57
3022201 106
3022445 57
3022719 106
3022803 57
3024877 106
3025091 57
3026253 106
3026328 57
3026400 106
3026640 57
3027400 106
3027713 57
3028490 106
3029002 57
3029235 106
3029309 57
3029428 106
3029949 57
3030164 106
3030223 57
3030494 106
3030964 57
3031035 106
3031265 57
3031809 106
3031954 57
3032018 106
3032892 57
3033369 106
3033585 57
3033646 106
3033967 57
3034760 106
3035017 57
3035298 106
3035520 57
3035748 106
3045803 57
3045862 106
3045914 57
3045980 106
3046219 57
3046441 106
3047021 57
3047084 106
3047358 57
3049261 106
3049466 57
3049608 106
3050250 57
3050855 106
3051173 57
3051613 106
3052133 57
3052498 106
3052576 57
3052906 106
3053144 57
3053381 106
3053466 57
3054385 106
3054589 57
3054656 106
3054975 57
3055528 106
3055795 57
3057067 106
3057317 57
3059143 106
3059805 57
3060040 106
3060103 57
3060170 106
3060797 57
3061044 106
3061246 57
3061376 106
3061864 57
3062924 106
3063098 57
3063376 106
3063697 57
3063943 106
3064054 57
3064191 106
3064679 57
3065255 106
3065705 57
3065950 106
3066003 57
3066069 106
3066314 57
3066608 106
3066683 57
3068231 106
3068840 57
3070846 106
3071035 57
3071391 106
3071448 57
3071510 106
3071780 57
3072971 106
3073163 57
3073348 106
3073404 57
3073460 106
3073658 57
3073891 106
3074150 57
3074221 106
3074480 57
3074713 106
3074772 57
3075075 106
3075270 57
3075560 106
3075613 57
3076179 106
3076986 57
3077226 106
3077439 57
3077505 106
3077574 57
3077740 106
3077925 57
3077993 106
3078255 57
3078490 106
3078551 57
3078618 106
3079933 57
3080174 106
3080446 57
3080520 106
3082424 57
3082652 106
3082710 57
3083656 106
3083914 57
3084198 106
3084408 57
3085289 106
3085344 57
3085635 106
3086140 57
3086202 106
3086280 57
3087164 106
3087444 57
3088391 106
3088884 57
3089461 106
3089520 57
3089611 106
3090117 57
3090358 106
3090423 57
3090553 106
3090756 57
3090916 106
3091196 57
3091258 106
3091322 57
3091815 106
3092260 57
3092730 106
3092860 57
3093107 106
3093848 57
3093930 106
3094061 57
3094578 106
3094810 57
3095137 106
3095202 57
3098800 106
3099518 57
3099828 106
3100087 57
3100436 106
3100501 57
3101793 106
3101975 57
3102428 106
3102479 57
3103376 106
3103582 57
3103710 106
3103778 57
3105011 106
3105214 57
3105485 106
3105540 57
3105768 106
3106014 57
3107525 106
3107775 57
3108897 106
3109077 57
3109175 106
3109384 57
3109612 106
3109735 57
3109820 106
3110033 57
3110303 106
3110362 57
3112360 106
3112609 57
3112673 106
3112913 57
3113512 106
3113757 57
3114662 106
3115123 57
3115440 106
3115503 57
3115763 106
3116243 57
3116537 106
3116734 57
3117205 106
3117268 57
3118890 106
3119153 57
3119426 106
3120476 57
3120945 106
3121374 57
3121432 106
3122246 57
3122475 106
3122583 57
3123447 106
3123635 57
3123933 106
3123988 57
3125122 106
3125566 57
3125634 106
3125938 57
3126145 106
3126342 57
3126401 106
3126933 57
3127112 106
3127357 57
3127409 106
3129845 57
3130034 106
3130089 57
3130982 106
3131203 57
3131265 106
3131561 57
3131801 106
3131865 57
3132131 106
3132350 57
3132409 106
3132464 57
3133015 106
3133479 57
3133716 106
3133776 57
3134029 106
3134430 57
3134489 106
3134868 57
3135615 106
3135809 57
3135877 106
3135942 57
3136001 106
3137237 57
3137307 106
3137368 57
3137591 106
3137868 57
3138338 106
3138579 57
3138847 106
3139082 57
3139428 106
3139502 57
3139902 106
3140372 57
3140818 106
3141681 57
3141886 106
3142111 57
3142170 106
3153859 57
3154345 106
3154554 57
3154617 106
3155132 57
3155337 106
3155394 57
3155456 106
3156184 57
3156381 106
3156917 57
3156979 106
3157560 57
3158369 106
3159154 57
3159412 106
3160180 57
3160399 106
3160598 57
3160654 106
3161261 57
3162949 106
3163315 57
3163994 106
3164192 57
3164455 106
3164511 57
3164899 106
3165855 57
3166633 106
3167030 57
3167102 106
3167169 57
3167412 106
3167472 57
3167605 106
3167827 57
3168066 106
3168331 57
3168398 106
3168451 57
3168699 106
3169230 57
3169302 106
3169970 57
3170173 106
3170549 57
3170744 106
3170961 57
3171099 106
3171157 57
3171616 106
3172118 57
3172279 106
3172625 57
3173108 106
3173319 57
3173406 106
3173467 57
3174290 106
3174482 57
3174553 106
3174609 57
3175129 106
3175335 57
3175412 106
3175477 57
3175724 106
3175933 57
3176010 106
3176555 57
3176818 106
3177090 57
3177420 106
3177476 57
3177543 106
3177734 57
3178058 106
3178113 57
3179456 106
3179961 57
3180377 106
3180451 57
3182289 106
3182799 57
3183089 106
3183162 57
3184169 106
3184404 57
3184628 106
3184689 57
3185026 106
3185246 57
3185528 106
3185743 57
3185805 106
3185864 57
3185924 106
3185984 57
3186197 106
3186386 57
3186704 106
3186977 57
3187048 106
3187107 57
3188262 106
3188460 57
3188665 106
3188729 57
3189090 106
3189484 57
3189546 106
3189803 57
3190045 106
3190638 57
3190709 106
3190768 57
3191369 106
3192242 57
3193740 106
3193998 57
3194611 106
3194808 57
3194882 106
3194935 57
3195159 106
3195717 57
3196046 106
3196485 57
3196566 106
3196981 57
3197900 106
3198353 57
3198588 106
3198647 57
3199278 106
3199474 57
3199540 106
3199598 57
3199856 106
3200123 57
3201297 106
3201494 57
3201722 106
3201786 57
3202101 106
3202758 57
3203063 106
3203182 57
3203997 106
3204681 57
3204805 106
3205135 57
3205344 106
3205436 57
3206621 106
3206927 57
3210139 106
3210876 57
3211491 106
3211557 57
3211795 106
3212284 57
3212496 106
3212771 57
3212832 106
3212903 57
3214380 106
3214874 57
3215736 106
3215812 57
3216105 106
3216350 57
3216413 106
3216480 57
3217182 106
3217439 57
3217818 106
3217914 57
3219857 106
3220134 57
3220219 106
3221395 57
3221921 106
3222120 57
3222196 106
3222538 57
3222771 106
3223073 57
3223139 106
3223199 57
3223431 106
3223973 57
3224046 106
3224251 57
3224460 106
3224661 57
3224724 106
3224791 57
3225071 106
3225518 57
3225804 106
3225932 57
3226418 106
3226953 57
3227170 106
3227459 57
3227579 106
3227934 57
3228595 106
3228658 57
3229141 106
3229775 57
3230037 106
3230102 57
3230383 106
3230441 57
3230957 106
3231341 57
3231700 106
3231781 57
3232013 106
3232070 57
3232514 106
3234014 57
3234253 106
3234449 57
3234523 106
3235654 57
3235958 106
3236024 57
3236686 106
3236901 57
3236962 106
3237470 57
3237541 106
3238058 57
3238353 106
3238464 57
3238524 106
3238794 57
3239078 106
3240132 57
3240715 106
3240773 57
3241103 106
3241650 57
3241948 106
3242014 57
3242110 106
3242241 57
3242369 106
3242424 57
3242793 106
3243332 57
3243566 106
3243876 57
3244168 106
3244237 57
3244544 106
3244791 57
3245061 106
3245137 57
3245439 106
3245751 57
3245826 106
3246096 57
3246862 106
3247304 57
3247644 106
3247704 57
3247769 106
3248682 57
3249206 106
3249412 57
3249594 106
3249650 57
3249700 106
3249892 57
3250072 106
3250303 57
3250353 106
3252066 57
3252298 106
3252372 57
3252459 106
3252872 57
3253102 106
3253218 57
3253877 106
3254366 57
3254605 106
3256445 57
3256728 106
3257243 57
3257464 106
3257527 57
3257614 106
3257812 57
3257973 106
3258183 57
3258247 106
3258305 57
3258376 106
3259307 57
3259510 106
3259569 57
3259658 106
3259865 57
3260163 106
3260230 57
3260540 106
3260747 57
3261127 106
3261185 57
3261521 106
3261763 57
3261816 106
3261899 57
3262968 106
3264154 57
3264698 106
3265576 57
3266058 106
3266300 57
3266376 106
3266445 57
3266512 106
3267258 57
3267471 106
3267532 57
3267591 106
3268161 57
3268955 106
3269490 57
3269714 106
3269777 57
3270397 106
3270625 57
3270882 106
3270941 57
3271041 106
3271629 57
3272178 106
3273215 57
3273285 106
3273714 57
3274584 106
3274647 57
3274724 106
3275798 57
3276254 106
3276775 57
3277251 106
3277319 57
3277464 106
3277882 57
3278133 106
3278513 57
3279128 106
3279403 57
3280563 106
3281415 57
3281553 106
3282586 57
3282787 106
3282920 57
3282986 106
3283595 57
3284045 106
3284294 57
3285297 106
3285764 57
3285894 106
3285957 57
3286187 106
3286392 57
3286464 106
3286526 57
3286751 106
3286968 57
3287534 106
3288052 57
3288199 106
3289426 57
3290412 106
3290690 57
3290830 106
3291462 57
3292230 106
3292653 57
3292743 106
3292813 57
3293354 106
3293415 57
3293486 106
3293694 57
3293890 106
3293948 57
3294009 106
3294291 57
3295349 106
3295812 57
3296141 106
3296423 57
3296976 106
3297330 57
3297531 106
3297764 57
3297821 106
3305751 57
3306251 106
3306513 57
3306780 106
3306959 57
3307161 106
3307212 57
3307268 106
3307456 57
3307642 106
3307702 57
3307757 106
3308252 57
3308491 106
3308767 57
3308960 106
3309178 57
3309242 106
3310159 57
3310407 106
3313372 57
3313829 106
3314395 57
3314654 106
3315316 57
3315382 106
3315693 57
3315931 106
3317826 57
3318029 106
3319136 57
3319380 106
3320383 57
3320623 106
3320979 57
3321279 106
3321781 57
3321972 106
3322093 57
3322864 106
3323069 57
3323342 106
3323615 57
3323882 106
3323954 57
3324424 106
3324639 57
3324705 106
3324768 57
3324833 106
3325089 57
3325338 106
3326147 57
3327770 106
3328825 57
3329020 106
3329507 57
3329563 106
3332188 57
3332388 106
3332969 57
3333024 106
3334441 57
3334629 106
3335201 57
3335261 106
3335547 57
3335735 106
3335791 57
3335842 106
3337257 57
3337447 106
3338117 57
3338304 106
3338560 57
3338868 106
3339406 57
3339860 106
3340352 57
3340418 106
3340497 57
3340561 106
3341148 57
3341399 106
3342195 57
3342391 106
3343150 57
3343206 106
3343951 57
3344441 106
3345255 57
3345321 106
3345392 57
3345575 106
3345672 57
3345727 106
3346013 57
3346253 106
3347977 57
3348175 106
3348264 57
3348319 106
3349091 57
3349295 106
3349349 57
3349555 106
3349758 57
3349880 106
3349982 57
3350237 106
3350542 57
3351063 106
3351663 57
3351883 106
3352105 57
3352285 106
3352341 57
3352661 106
3353109 57
3353306 106
3353473 57
3353597 106
3354233 57
3354428 106
3354635 57
3355623 106
3355863 57
3355919 106
3356268 57
3356952 106
3357010 57
3357247 106
3357443 57
3357518 106
3357674 57
3357737 106
3357880 57
3358452 106
3358516 57
3358692 106
3359029 57
3360629 106
3361171 57
3361241 106
3361347 57
3361824 106
3362113 57
3362381 106
3363060 57
3363385 106
3364555 57
3365040 106
3365353 57
3365425 106
3365537 57
3365790 106
3366111 57
3367319 106
3367637 57
3367887 106
3368208 57
3368518 106
3368812 57
3369168 106
3370909 57
3371135 106
3371520 57
3371583 106
3374423 57
3374727 106
3375916 57
3376358 106
3376587 57
3376724 106
3376792 57
3377694 106
3378213 57
3378437 106
3378986 57
3379302 106
3379367 57
3379475 106
3380427 57
3381207 106
3381399 57
3381455 106
3383538 57
3384058 106
3384298 57
3384387 106
3386803 57
3387271 106
3387777 57
3387928 106
3388824 57
3389085 106
3389149 57
3389242 106
3389829 57
3390030 106
3390915 57
3390980 106
3391277 57
3391478 106
3391964 57
3392020 106
3392261 57
3392500 106
3392614 57
3392690 106
3393508 57
3393732 106
3393854 57
3393928 106
3396787 57
3397046 106
3397662 57
3397755 106
3400908 57
3401176 106
3402097 57
3402429 106
3402569 57
3402636 106
3403227 57
3403801 106
3404568 57
3404641 106
3406554 57
3406786 106
3406858 57
3406951 106
3407419 57
3407617 106
3407969 57
3408026 106
3411272 57
3411767 106
3412526 57
3412586 106
3413008 57
3413207 106
3413486 57
3413545 106
3413840 57
3414441 106
3415588 57
3415793 106
3415884 57
3415950 106
3416024 57
3416312 106
3418006 57
3418269 106
3418408 57
3418505 106
3419086 57
3419352 106
3419657 57
3419988 106
3420055 57
3420257 106
3420797 57
3420956 106
3421559 57
3421803 106
3421869 57
3422453 106
3422684 57
3422807 106
3423192 57
3423396 106
3423715 57
3423967 106
3424449 57
3425006 106
3425290 57
3425383 106
3425520 57
3425603 106
3426144 57
3426982 106
3427056 57
3428523 106
3428995 57
3429427 106
3429493 57
3430027 106
3430552 57
3430609 106
3430952 57
3431183 106
3432830 57
3433203 106
3434059 57
3434509 106
3434755 57
3434816 106
3435550 57
3435806 106
3436147 57
3436394 106
3436626 57
3436852 106
3437227 57
3437305 106
3437596 57
3437825 106
3438343 57
3438420 106
3438706 57
3438941 106
3439000 57
3439084 106
3440166 57
3440430 106
3440758 57
3440993 106
3441058 57
3441133 106
3441406 57
3441638 106
3441849 57
3441923 106
3442197 57
3442919 106
3442987 57
3443364 106
3443662 57
3443866 106
3444107 57
3444175 106
3444255 57
3444463 106
3444714 57
3444779 106
3444850 57
3445071 106
3445586 57
3445661 106
3446400 57
3447443 106
3447694 57
3448459 106
3448522 57
3448782 106
3449016 57
3449071 106
3450051 57
3450313 106
3451222 57
3451434 106
3451639 57
3451707 106
3452321 57
3452954 106
3453023 57
3453423 106
3453627 57
3453706 106
3454061 57
3454310 106
3455227 57
3455702 106
3456233 57
3456648 106
3456710 57
3456762 106
3456977 57
3457056 106
3457659 57
3457903 106
3458130 57
3458214 106
3458276 57
3459634 106
3460926 57
3461057 106
3462303 57
3462561 106
3462874 57
3463677 106
3463875 57
3463938 106
3463997 57
3464386 106
3465039 57
3465908 106
3466178 57
3466434 106
3467760 57
3468001 106
3470168 57
3470872 106
3470934 57
3471211 106
3471426 57
3471578 106
3472851 57
3473141 106
3473449 57
3473716 106
3474007 57
3474334 106
3474623 57
3474682 106
3474894 57
3475107 106
3475733 57
3475792 106
3477528 57
3478348 106
3478628 57
3478686 106
3479814 57
3480113 106
3484203 57
3484449 106
3484686 57
3484864 106
3485124 57
3485236 106
3485290 57
3485404 106
3485645 57
3486664 106
3487199 57
3487434 106
3488477 57
3489032 106
3489555 57
3489622 106
3492264 57
3492486 106
3492545 57
3492634 106
3493890 57
3494104 106
3494300 57
3494362 106
3494446 57
3494693 106
3496067 57
3496185 106
3496552 57
3496796 106
3496863 57
3496942 106
3498807 57
3499372 106
3500114 57
3500193 106
3500413 57
3500846 106
3501048 57
3501256 106
3501319 57
3501449 106
3501702 57
3501760 106
3502298 57
3502527 106
3502873 57
3502958 106
3503243 57
3503442 106
3503503 57
3503560 106
3503794 57
3504000 106
3505089 57
3505347 106
3505548 57
3505664 106
3506656 57
3507144 106
3507202 57
3507259 106
3507900 57
3508627 106
3508868 57
3508936 106
3509502 57
3509559 106
3511615 57
3511695 106
3513845 57
3514118 106
3514477 57
3514585 106
3514839 57
3515271 106
3516174 57
3516370 106
3516940 57
3516994 106
3517269 57
3517471 106
3517542 57
3517603 106
3518635 57
3519604 106
3519816 57
3520418 106
3520815 57
3520895 106
3521074 57
3521136 106
3521214 57
3522773 106
3525514 57
3525834 106
3526083 57
3526492 106
3527977 57
3529626 106
3534237 57
3535463 106
3535782 57
3535862 106
3542088 57
3546371 106
3552364 57
3552686 106
3565926 57
3569119 106
3570029 57
3574184 106
3574414 57
3574807 106
3574872 57
3574958 106
3576279 57
3576488 106
3576553 57
3576634 106
3577548 57
3577763 106
3577815 57
3577899 106
3596105 57
3596402 106
3597397 57
3597619 106
3597898 57
3597991 106
3599060 57
3599297 106
3600329 57
3600428 106
3600524 57
3600743 106
3601118 57
3601207 106
3601597 57
3601819 106
3602045 57
3602133 106
3603544 57
3603783 106
3605028 57
3605123 106
3609430 57
3609647 106
3610090 57
3610174 106
3614279 57
3614498 106
3615090 57
3615177 106
3617919 57
3618243 106
3618551 57
3618982 106
3619846 57
3620012 106
3620958 57
3621175 106
3621825 57
3621913 106
3622331 57
3622551 106
3622749 57
3622836 106
3623239 57
3624071 106
3624632 57
3624711 106
3626620 57
3626927 106
3627158 57
3627758 106
3628571 57
3629820 106
3631179 57
3631389 106
3631592 57
3631674 106
3631786 57
3632091 106
3632171 57
3632477 106
3633695 57
3639802 106
3641451 57
3647055 106
3651338 57
3656157 106
3656479 57
3658081 106
3658392 57
3658569 106
3666628 57
3666985 106
3667879 57
3670412 106
3671261 57
3671570 106
3672287 57
3673774 106
3674108 57
3674692 106
3674909 57
3675243 106
3675327 57
3677696 106
3679573 57
3681084 106
3681391 57
3681714 106
3682314 57
3682407 106
3683037 57
3683359 106
3683688 57
3685618 106
3686537 57
3687560 106
3687786 57
3688175 106
3688584 57
3688950 106
3689890 57
3690541 106
3691572 57
3691966 106
3692988 57
3694013 106
3694345 57
3694698 106
3694915 57
3695344 106
3695432 57
3695629 106
3696571 57
3696668 106
3702363 57
3703030 106
3703338 57
3704417 106
3706556 57
3706874 106
3707188 57
3707880 106
3707970 57
3708824 106
3709532 57
3709626 106
3710196 57
3710500 106
3710862 57
3711155 106
3712330 57
3713973 106
3714776 57
3715147 106
3715861 57
3716493 106
3716857 57
3717112 106
3720333 57
3720966 106
3726836 57
3728291 106
3728516 57
3728612 106
3729262 57
3729580 106
3729995 57
3731150 106
3731722 57
3731820 106
3731919 57
3733071 106
3733985 57
3734308 106
3734624 57
3736069 106
3736162 57
3737217 106
3737606 57
3738579 106
3738911 57
3739409 106
3740490 57
3740571 106
3742661 57
3742944 106
3743042 57
3743374 106
3747660 57
3748602 106
3749517 57
3749830 106
3750224 57
3750615 106
3750790 57
3750959 106
3751053 57
3751136 106
3752042 57
3752747 106
3764025 57
3777228
3778784 111
4035816 106
4036686 111
4036765 106
4038553 111
4040279 106
4044164 111
4044449 106
4044866 111
4047000 106
4047413 111
4047505 106
4049614 111
4057177 106
4058136 111
4058410 106
4059851
4060824 114
4210444
4210745 115
4236804 111
4237076 115
4309669 111
4311532 115
4314572 111
4314653 115
4318914 111
4319417 115
4319739 111
4319812 115
4326373 111
4326448 115
4363843 111
4364485 115
4365236 111
4365540 115
4395867 111
4396485 115
4430274 111
4430356 115
4435592 111
4436229 115
4437324 111
4438276 115
4439952 111
4440232 115
4440295 111
4442988 115
4444677 111
4494360 115
4496054 111
4508832 115
4509144 111
4518159 115
4519241 111
4528781 115
4529776 111
4533368 115
4533718 111
4533999 115
4534352 111
4535016 115
4535773 111
4535995 115
4537054
4539217 122
4539719 111
4540024 122
4540252 111
4540465 122
4541884 111
4543759 122
4543810 111
4544034 122
4544102 111
4544169 122
4549779 111
4550015 122
4550595 111
4550671 122
4551226 111
4551449 122
4552213 111
4552341 122
4552408 111
4552551 122
4553709 111
4553770 122
4554921 111
4555145 122
4558889 111
4558956 122
4567111 111
4567337 122
4567879 111
4568180 122
4568246 111
4568558 122
4571948 111
4572025 122
4587683 111
4587968 122
4593894 111
4594103 122
4596010 111
4596072 122
4598226 111
4598481 122
4599517 111
4599605 122
4601958 111
4602211 122
4606684 111
4606759 122
4614238 111
4614447 122
4615645 111
4615707 122
4634453 111
4634752 122
4635367 111
4635596 122
4635922 111
4635992 122
4639596 111
4640256 122
4640378 111
4640813 122
4641392 111
4641840 122
4642038 111
4642109 122
4642489 111
4642863 122
4644102 111
4644179 122
4645000 111
4645328 122
4645413 111
4645897 122
4646111 111
4646260 122
4647522 111
4647752 122
4648085 111
4648151 122
4650402 111
4650640 122
4651371 111
4651680 122
4652471 111
4652544 122
4653101 111
4653337 122
4653659 111
4653732 122
4654012 111
4654248 122
4654465 111
4654547 122
4661035 111
4661567 122
4661766 111
4661843 122
4662197 111
4662447 122
4662815 111
4662898 122
4663414 111
4663672 122
4663750 111
4663837 122
4664371 111
4664460 122
4664555 111
4664943 122
4665160 111
4665234 122
4665321 111
4665391 122
4666415 111
4666689 122
4669246 111
4669474 122
4669688 111
4669758 122
4670450 111
4670683 122
4670762 111
4670841 122
4671157 111
4671439 122
4671646 111
4671880 122
4672111 111
4672408 122
4672776 111
4672850 122
4672930 111
4673216 122
4673499 111
4673742 122
4674015 111
4674100 122
4674478 111
4674719 122
4675419 111
4675704 122
4676661 111
4676725 122
4678078 111
4678306 122
4678806 111
4678874 122
4679228 111
4679804 122
4680329 111
4680628 122
4680884 111
4681110 122
4681417 111
4681485 122
4681556 111
4681841 122
4682078 111
4682305 122
4682593 111
4682667 122
4682940 111
4683181 122
4683392 111
4683469 122
4684174 111
4684480 122
4685347 111
4685827 122
4686113 111
4686268 122
4686550 111
4687023 122
4687287 111
4687517 122
4687715 111
4687785 122
4687929 111
4688073 122
4688281 111
4688521 122
4688588 111
4688994 122
4689362 111
4689686 122
4690238 111
4690319 122
4690572 111
4690721 122
4691055 111
4691291 122
4691579 111
4691721 122
4692362 111
4692608 122
4693207 111
4693289 122
4693959 111
4694213 122
4694437 111
4694762 122
4695034 111
4695104 122
4695727 111
4695951 122
4696158 111
4696226 122
4705495 111
4705727 122
4706431 111
4706505 122
4707294 111
4707630 122
4707843 111
4708092 122
4708600 111
4708673 122
4714979 111
4715205 122
4715580 111
4715648 122
4716097 111
4716389 122
4716711 111
4717225 122
4717310 111
4717378 122
4719380 111
4719609 122
4719865 111
4719942 122
4720425 111
4720948 122
4721083 111
4721461 122
4721770 111
4721845 122
4722054 111
4722213 122
4722288 111
4722591 122
4722814 111
4722885 122
4722947 111
4723915 122
4724950 111
4725795 122
4725875 111
4726121 122
4726344 111
4727133 122
4728230 111
4728523 122
4728621 111
4728914 122
4729199 111
4729738 122
4730625 111
4730702 122
4730907 111
4730971 122
4731051 111
4731909 122
4732001 111
4732587 122
4733189 111
4735821 122
4736181 111
4740191 122
4740539 111
4740752 122
4741089 111
4741152 122
4744406 111
4745203 122
4745726 111
4745937 122
4746008 111
4746148 122
4746698 111
4748416 122
4750014 111
4750238 122
4750833 111
4751114 122
4751388 111
4752648 122
4752935 111
4782445 122
4782717 111
4803583 122
4805446 111
4807009 122
4807090 111
4810090 122
4810666 111
4810950 122
4811025 111
4825313 122
4825955 111
4827559 122
4827863 111
4835725 122
4836343 111
4849884 122
4849966 111
4856953 122
4857277 111
4857340 122
4857653 111
4862332 122
4862652 111
4863544 122
4864176 111
4867090 122
4867370 111
4868980 122
4871008 111
4872837 122
4873123 111
4873224 122
4873451 111
4873906 122
4873981 111
4874790 122
4874867 111
4885186 122
4885481 111
4888284 122
4888577 111
4888724 122
4897645 111
4898013 122
4899686 111
4899978 122
4900626 111
4900848 122
4901092 111
4901486 122
4901845 111
4902221 122
4905196 111
4905486 122
4910653 111
4911526 122
4911591 111
4911693 122
4915626 111
4915712 122
4943561 111
4944509 122
4973576 111
4973917 122
5096905 111
5097182
5098722 122
5098789 127
5098821
5099122 128
5099153
5099454 129
5099623 122
5100182 129
5100231
5100546 130
5100566 122
5136225
5138372 137
5138393 122
5139574 137
5139609 122
5139697 137
5139736 122
5141300 137
5141713
5142013 138
5142057
5142662 140
5142683 122
5143237 140
5143289
5145449 122
5145623 147
5145644 122
5148215
5149724 122
5163601
5165141 157
5165171
5165472 158
5165501
5165802 159
5165959
5166274 160
5166294
5168445 167
5168577
5170737 174
5170758
